Wt = 105177 Pt = -371608.209727 cross entropy = 3.53316989196 perplexity = 11.576842
Wt = 7066 Pt = -1e+300 cross entropy = 1.41522785168e+296 perplexity = Inf
