Wt = 105177 Pt = -391221.779521 cross entropy = 3.71965144016 perplexity = 13.174273
Wt = 7066 Pt = -27107.0680966 cross entropy = 3.83626777478 perplexity = 14.283402
